loss: 1.8890784978866577
acc: 0.44999998807907104
