loss: 1.8853044509887695
acc: 0.30000001192092896
