loss: 1.8640577793121338
acc: 0.4000000059604645
